0 00010100
1 101010101
2 011011001
3 101100010
4 011010011
5 110001101
6 110011001
7 110000001
8 00100110
9 000010100
10 101011011
11 101100011
12 11011011
13 110100010
14 00001111
15 00110010
16 00101010
17 10111011
18 0110100101
19 100011001
20 1110111111
21 00100101
22 101011010
23 10111001
24 10001110
25 00110011
26 11001101
27 110010110
28 0000100
29 01010011
30 111000110
31 11100111
32 100111010
33 101100100
34 011111100
35 10100010
36 111100
37 011011000
38 01000010
39 00110100
40 110101111
41 111111001
42 110000000
43 00001110
44 110001110
45 111111011
46 10100100
47 10001001
48 1010011
49 11101101
50 01010111
51 10001011
52 11100101
53 111110101
54 111011100
55 01001011
56 01000000
57 1001011
58 11010110
59 10110011
60 00101110
61 10001111
62 10111101
63 11101000
64 101100101
65 011101110
66 100111011
67 00101011
68 01011100
69 011111000
70 11101011
71 0111101
72 00110101
73 00011
74 100000011
75 00100111
76 111010011
77 11001111
78 01011111
79 10000101
80 110111101
81 01000111
82 111101100
83 00110111
84 110100100
85 111001000
86 110111100
87 111001101
88 111010010
89 101110000
90 111111000
91 10000100
92 01010010
93 11010100
94 111101111
95 11011010
96 1110111110
97 11010011
98 00110000
99 11010101
100 011101111
101 10110000
102 101010100
103 11111011
104 01001100
105 0110010
106 000010101
107 00100100
108 01000110
109 11111001
110 10111110
111 11000011
112 01000011
113 111101110
114 111000111
115 1011010
116 10000110
117 0001000
118 10100011
119 110011101
120 110011000
121 10100000
122 01010110
123 01100111
124 10010001
125 0010100
126 11001001
127 11101010
128 0110100100
129 110001100
130 011111101
131 01111101
132 101111000
133 100111000
134 11011001
135 10101100
136 010010101
137 110111000
138 011111001
139 111110000
140 111101101
141 100011000
142 11111110
143 11000010
144 001011011
145 10000000
146 00000
147 111001001
148 00010011
149 111011110
150 10010101
151 10011111
152 0100100
153 01101000
154 10010100
155 10101011
156 11110101
157 11001000
158 10011110
159 0000110
160 010010100
161 00101100
162 110001111
163 10100001
164 11100001
165 10010011
166 11011000
167 10010010
168 101110001
169 01111001
170 01101101
171 01100011
172 110101110
173 01011110
174 01110110
175 00111111
176 001011010
177 01010101
178 00111110
179 01110101
180 10101001
181 100111001
182 11000101
183 10011001
184 00110001
185 01010100
186 11000100
187 110111001
188 10100101
189 01111111
190 01111000
191 11100000
192 100000010
193 00001011
194 01000001
195 0111001
196 01001101
197 10001000
198 00110110
199 0101100
200 110100011
201 111011101
202 111111010
203 11100010
204 1011011
205 01100010
206 0011101
207 11011111
208 110100101
209 01011101
210 10101111
211 0011110
212 10001010
213 01101011
214 10000011
215 10101110
216 110011100
217 11011101
218 10101000
219 0101000
220 01100001
221 10000010
222 11001010
223 11111111
224 01101010
225 101111001
226 111001100
227 00010010
228 110010111
229 01110100
230 0111000
231 0101101
232 111110100
233 0010001
234 10000111
235 11110100
236 10011000
237 10111010
238 00101111
239 11000001
240 00010101
241 10111111
242 10010000
243 0110111
244 10001101
245 01100000
246 0001011
247 0011100
248 111110001
249 0100111
250 01100110
251 1001101
252 11101100
253 0010000
254 0100010
255 11010000
